41 67 0
769 524 2
562 464 1
81 27 3
595 742 0
391 204 1
292 382 0
518 695 2
371 338 0
67 699 2
703 611 1
73 664 3
253 468 0
662 757 3
723 141 2
316 635 2
288 506 2
64 248 1
690 329 2
606 701 0
429 623 2
356 640 0
331 708 3
626 123 2
118 482 1
33 715 2
304 330 2
473 786 1
524 672 1
377 373 0
786 490 0
755 767 2
31 52 2
141 124 2
407 137 3
553 783 1
209 158 0
22 146 2
413 368 3
362 55 3
424 537 3
395 41 2
691 436 0
596 21 3
468 484 2
53 399 2
500 588 3
528 493 3
207 21 1
413 714 0
535 651 1
519 356 3
624 608 1
589 702 1
693 743 3
514 703 0
658 218 0
398 81 2
9 757 2
138 292 3
590 57 3
615 488 3
202 234 3
328 246 2
475 433 2
644 616 2
421 99 0
275 312 2
203 469 0
601 189 3
182 685 2
617 557 0
169 554 1
776 129 0
625 155 1
241 712 0
118 553 3
279 396 1
149 637 1
193 795 0
286 105 2
455 134 1
116 671 3
313 355 1
112 408 1
313 556 2
446 782 0
796 222 1
735 450 2
44 59 3
453 24 2
745 649 1
474 22 2
358 191 1
77 414 0
534 274 3
633 70 1
318 177 2
163 268 1
702 480 3
2 99 1
743 324 0
261 581 0
705 393 3
492 142 2
264 700 0
13 574 2
235 433 0
85 550 2
295 24 1
176 94 2
678 193 0
218 464 0
400 487 2
170 315 3
43 358 1
682 286 3
777 74 3
29 728 0
502 562 0
537 461 1
464 260 0
230 326 3
11 747 0
190 524 3
140 51 1
500 113 2
365 207 0
458 39 0
157 724 0
313 487 2
60 28 0
205 140 0
35 356 2
556 16 1
526 557 3
669 561 2
17 512 0
385 41 1
229 565 0
696 255 2
384 134 0
132 563 3
111 435 0
675 138 2
554 111 3
659 225 2
26 734 3
650 598 1
193 734 2
756 393 1
562 148 0
13 641 3
342 262 1
424 678 3
296 673 1
75 72 2
217 532 3
369 631 0
685 690 1
390 745 2
251 340 2
792 405 1
503 629 0
492 397 0
761 427 1
529 40 2
601 477 3
213 792 1
192 559 0
27 84 2
298 170 3
604 503 3
106 763 3
289 640 2
419 113 0
618 432 1
175 739 2
298 47 0
571 264 3
745 712 2
169 62 1
289 744 0
45 708 2
1 323 0
752 287 3
301 303 3
400 569 1
28 743 0
543 637 3
249 681 2
608 60 2
546 690 3
630 20 3
536 783 2
785 638 1
24 548 3
257 766 3
118 726 1
355 601 0
184 715 2
75 313 0
348 272 2
404 305 0
175 493 0
336 341 2
256 252 2
482 555 3
630 241 3
637 186 2
62 34 1
616 652 2
633 654 2
703 656 0
317 213 0
400 280 2
50 155 0
703 476 1
502 361 0
482 53 0
602 523 1
678 259 3
771 403 1
104 392 1
298 789 2
637 10 2
508 361 1
715 469 1
371 664 3
555 615 3
612 488 2
85 710 2
380 215 1
515 79 2
673 788 0
356 689 0
141 590 3
28 384 0
271 285 3
133 467 3
168 25 1
650 198 1
686 480 1
267 728 0
621 405 0
316 526 3
481 764 2
421 462 0
509 415 1
324 741 2
423 331 0
518 2 3
281 212 2
114 409 0
290 493 0
254 545 0
291 112 2
439 758 0
595 252 3
638 23 2
486 396 1
158 22 0
237 725 2
202 407 2
492 200 3
752 448 0
315 575 3
736 797 1
228 251 2
449 125 1
520 540 3
362 55 0
761 554 2
714 546 1
638 463 3
321 475 0
105 664 2
561 124 1
330 723 1
525 510 0
737 478 0
391 749 1
537 404 3
664 370 0
81 685 1
652 194 2
396 372 0
374 419 3
341 289 1
605 385 2
15 209 2
93 74 0
495 773 1
772 368 3
668 226 2
374 779 0
182 591 0
74 564 3
460 474 1
522 747 1
5 595 2
343 754 0
472 239 0
162 367 3
308 423 2
404 686 2
345 406 0
167 92 0
156 574 1
683 622 0
583 548 2
418 376 3
182 656 1
324 86 1
443 334 0
196 583 3
626 671 0
303 627 1
708 785 1
43 513 2
328 511 1
792 654 1
265 267 1
234 672 2
101 442 1
170 702 1
590 23 3
179 595 3
42 110 2
726 687 0
51 658 0
183 486 2
472 728 1
718 303 1
538 281 2
614 198 1
463 756 2
289 235 3
386 586 0
530 448 0
433 640 3
610 399 0
782 128 1
44 194 0
447 632 0
43 449 1
189 100 0
723 651 1
291 0 2
97 119 2
131 544 3
99 125 2
292 593 3
760 634 1
385 129 1
791 592 1
778 579 1
73 193 1
226 76 2
778 759 1
159 249 0
780 608 0
77 103 3
596 74 3
656 90 3
116 732 1
154 413 0
260 615 3
136 680 0
787 584 1
206 670 2
449 323 1
21 295 0
478 578 2
377 750 1
81 595 0
553 99 1
693 8 3
568 255 1
122 348 2
544 446 1
229 316 3
269 512 1
291 215 1
640 452 3
687 26 3
783 394 1
665 665 1
578 278 0
611 747 2
375 689 1
133 265 2
607 232 3
522 82 1
31 587 3
721 138 3
208 46 3
589 22 2
255 428 0
453 577 3
461 31 3
597 506 1
496 681 3
747 724 3
176 174 2
74 453 3
43 88 0
747 680 2
50 401 3
55 763 1
361 45 2
381 287 2
243 665 1
381 512 1
247 490 1
372 432 0
765 231 1
406 178 2
771 566 1
620 494 0
509 384 2
17 15 0
368 306 1
118 390 1
86 799 2
671 613 1
318 380 3
387 644 3
360 227 3
752 671 1
685 337 0
677 406 2
213 200 1
438 588 1
447 781 0
587 361 1
701 682 1
353 504 3
725 621 1
72 106 3
193 680 0
611 113 3
16 79 0
331 133 3
259 253 3
365 674 3
80 176 1
71 8 0
2 232 0
175 762 2
280 236 2
108 480 0
540 546 1
697 80 0
200 707 2
141 388 0
315 196 1
412 536 2
243 742 2
512 448 0
517 114 2
135 759 3
503 240 3
305 791 1
452 753 1
787 642 3
220 614 0
663 29 0
769 70 3
794 687 0
523 140 2
588 710 1
421 470 1
755 178 2
462 135 0
233 488 3
793 390 1
601 705 3
269 734 1
198 345 2
38 444 3
228 464 3
690 404 3
797 492 3
501 763 1
621 245 3
741 622 3
615 55 2
79 682 2
622 707 2
144 690 2
604 623 2
124 781 1
223 594 2
187 645 0
150 489 3
135 297 2
24 308 2
720 172 3
334 761 2
184 675 3
341 32 3
279 683 0
125 118 0
119 577 3
556 395 1
793 232 0
475 307 2
719 390 1
151 329 2
672 391 3
290 39 1
263 281 1
176 79 3
468 398 3
715 421 2
522 638 1
399 178 3
543 34 1
302 707 1
287 346 1
13 200 2
362 135 2
677 182 1
305 274 2
195 166 2
188 611 3
425 467 2
263 747 1
299 223 3
448 251 0
658 367 1
331 362 3
156 331 0
191 403 3
250 319 3
583 533 2
369 700 2
385 657 1
750 433 3
738 41 3
752 58 2
683 590 0
422 95 0
361 742 3
788 178 1
741 247 1
380 713 2
61 585 0
662 703 1
354 329 2
749 530 0
249 518 3
352 773 3
347 311 2
98 703 3
53 243 0
763 234 2
40 311 3
580 277 0
778 420 0
398 179 1
483 62 2
220 570 1
241 686 1
517 292 3
549 65 0
19 81 2
228 231 0
230 772 3
295 628 2
210 577 0
59 643 1
193 782 1
707 197 3
90 717 3
766 83 3
645 386 1
401 40 1
83 450 1
175 181 3
287 799 3
538 300 1
118 205 0
459 422 0
698 135 2
367 93 1
546 138 2
676 755 3
760 152 1
726 1 3
793 148 0
537 303 3
94 668 2
189 48 3
749 531 3
798 649 3
123 643 2
461 434 3
416 193 2
553 708 0
392 267 1
330 411 2
627 543 3
474 795 2
789 258 1
247 40 0
375 26 3
466 12 2
276 595 2
51 309 3
285 190 2
755 181 2
277 462 1
672 32 0
78 483 1
60 245 1
255 120 1
334 51 0
334 201 2
374 390 3
80 535 2
225 318 0
237 198 2
117 692 3
546 703 3
39 258 1
194 399 0
675 262 1
80 38 2
8 3 1
278 782 0
278 339 1
226 263 3
324 381 1
62 2 3
684 16 3
393 484 3
21 658 0
277 119 1
91 464 3
72 329 3
15 536 3
700 652 1
629 448 2
224 724 1
485 638 2
629 284 2
523 685 0
593 705 1
167 207 0
704 390 3
621 485 2
542 398 2
421 24 0
254 69 3
493 468 2
38 600 2
690 584 0
208 632 2
187 39 0
427 154 1
798 42 1
504 346 1
233 108 1
686 404 2
442 460 0
343 778 1
263 591 3
656 161 3
759 251 2
524 707 0
551 701 2
241 190 0
455 260 0
602 676 1
666 451 0
532 361 3
729 307 3
353 392 3
272 207 1
440 383 1
607 438 3
771 654 2
123 429 2
287 156 2
139 666 3
160 753 3
459 586 1
42 317 0
588 652 2
633 560 3
338 467 2
314 320 3
469 216 2
207 263 3
193 630 3
176 514 1
534 620 0
164 754 1
264 575 0
300 351 3
543 277 1
185 272 0
761 763 2
688 308 2
323 64 2
237 381 3
292 791 3
61 191 2
498 569 0
579 117 2
795 641 3
628 253 1
381 303 0
283 567 2
430 357 3
310 266 3
277 45 2
471 447 0
111 657 1
771 580 2
75 320 1
598 586 1
431 144 2
318 519 3
209 119 0
700 596 2
30 593 1
454 272 2
54 733 1
71 28 1
621 288 1
285 670 1
460 608 2
506 478 1
687 138 3
740 395 1
709 557 2
53 535 1
243 93 3
540 694 2
112 497 3
217 292 1
330 613 2
389 28 2
544 440 1
520 193 2
614 527 2
705 313 1
603 195 1
546 309 0
224 111 3
327 233 2
727 377 0
542 700 2
676 754 2
231 495 3
322 527 3
211 554 1
93 521 0
43 600 3
470 252 3
40 134 2
739 765 0
62 252 3
464 557 0
170 650 1
493 99 0
331 75 2
626 466 1
423 243 0
495 718 3
628 729 2
613 179 2
479 377 2
715 92 0
648 723 0
395 397 0
611 393 1
2 10 0
505 165 1
605 484 1
240 33 0
568 794 1
348 681 0
310 472 1
306 235 3
727 737 0
233 795 3
142 411 2
112 593 1
34 658 2
391 43 3
719 84 1
35 424 2
67 627 2
686 589 1
450 359 0
677 3 0
611 425 3
216 215 2
368 441 2
525 313 0
618 57 3
286 94 3
322 111 3
758 447 2
673 327 2
696 472 1
641 46 1
695 603 1
467 587 3
441 525 0
600 107 0
493 317 3
239 211 0
778 348 0
44 254 1
36 347 2
61 704 3
486 405 0
528 467 3
791 566 2
293 787 0
467 299 1
401 128 0
168 168 0
62 320 2
25 419 2
584 59 2
95 503 3
737 414 3
419 290 3
718 184 2
69 648 1
424 768 0
793 782 1
93 77 0
484 543 3
493 92 2
99 490 2
749 174 1
69 418 1
38 711 3
108 349 1
631 720 3
368 21 1
47 182 2
123 106 1
756 745 3
718 350 0
191 606 1
251 280 3
541 45 1
105 514 3
624 404 1
627 555 2
268 498 3
489 358 3
410 332 0
750 712 1
472 236 1
376 270 0
151 797 1
435 693 0
316 528 1
638 96 0
256 26 2
588 21 0
177 628 3
445 328 2
719 277 3
185 31 0
354 769 0
21 745 0
260 497 2
77 49 2
188 275 1
530 487 2
453 600 1
488 415 2
597 107 0
237 85 0
13 612 3
337 233 0
483 657 2
368 508 0
437 484 1
269 583 0
440 87 2
220 435 3
297 277 2
353 333 2
475 149 0
224 592 2
55 513 1
84 160 1
197 622 1
317 6 1
305 436 3
290 298 3
284 592 0
255 28 2
28 195 1
706 367 1
505 146 0
654 665 2
209 292 3
636 661 2
213 327 0
309 641 2
234 715 3
666 544 1
349 571 1
85 600 1
325 318 2
129 8 1
336 780 2
184 747 0
604 300 0
611 40 0
283 166 2
445 106 0
307 266 2
599 674 3
190 232 0
117 290 3
234 246 2
695 506 2
586 479 2
479 301 0
764 157 2
312 544 0
600 243 1
247 339 2
652 179 3
7 684 1
475 213 3
642 339 1
701 434 2
636 469 0
798 202 2
632 65 1
379 223 3
113 782 0
488 119 1
659 51 3
364 638 0
159 301 1
259 514 3
522 541 1
252 565 2
510 167 3
24 622 1
248 404 0
241 72 2
776 337 1
145 418 2
52 46 0
566 381 0
534 96 3
405 418 1
665 191 3
500 217 3
224 264 1
302 466 2
32 189 1
403 352 2
353 384 2
5 346 2
736 795 3
732 56 2
176 92 2
195 252 3
436 561 0
729 134 2
6 336 2
17 382 0
788 625 2
50 782 1
638 754 3
280 38 0
665 696 2
232 189 3
217 529 3
213 200 1
661 551 3
613 507 0
617 11 0
766 331 2
322 755 1
758 464 2
546 665 1
346 740 2
64 794 2
715 200 2
102 696 3
667 415 3
754 248 3
788 721 1
597 709 3
658 522 1
599 299 0
36 184 3
753 285 3
367 208 1
81 79 3
459 106 3
26 124 2
484 128 1
481 514 0
538 307 0
305 97 3
641 743 1
679 736 1
354 130 0
279 488 2
472 176 3
486 231 3
660 514 1
590 238 3
442 618 3
61 19 2
33 672 2
502 528 2
247 545 2
686 194 0
283 747 1
464 523 1
768 130 2
58 112 2
401 142 2
702 284 2
675 311 3
688 320 3
798 692 0
645 187 3
658 59 0
172 432 3
88 415 0
698 39 1
797 346 3
117 587 2
642 135 1
377 786 1
522 745 1
513 535 3
586 96 1
352 521 2
236 488 0
392 665 2
296 786 0
347 121 1
302 564 0
320 454 0
98 191 2
791 267 3
136 99 2
776 56 3
286 167 2
295 366 2
437 798 0
285 465 0
560 414 0
552 138 1
230 449 3
313 38 1
369 239 1
562 273 2
747 653 0
666 489 3
741 259 0
114 566 2
168 599 2
644 136 2
627 713 3
127 273 1
334 702 1
263 553 3
695 413 2
659 105 1
223 52 3
385 665 0
307 471 3
519 596 0
92 353 2
159 557 1
265 86 3
713 35 1
68 469 3
378 474 3
74 516 3
185 122 1
495 174 3
258 495 3
631 703 0
390 680 1
702 458 1
361 120 0
113 132 2
67 120 2
787 294 0
64 514 2
25 655 3
192 631 0
718 128 0
279 91 3
208 126 3
718 20 2
656 147 2
160 751 2
694 589 0
94 90 0
219 701 0
523 139 3
237 186 3
769 23 2
15 444 1
778 476 0
246 737 0
616 88 2
333 715 0
462 16 1
242 384 1
196 426 2
375 616 0
359 755 0
354 243 3
422 121 1
717 593 0
775 274 1
422 408 2
788 529 1
593 8 2
476 737 3
290 712 1
379 99 2
402 769 1
134 438 2
463 134 0
707 718 1
695 379 0
59 561 0
672 645 0
628 196 3
635 429 0
156 158 0
96 524 2
406 183 2
91 188 0
504 77 2
204 223 1
11 642 1
135 790 0
655 604 1
181 779 3
692 132 3
561 647 2
769 359 3
428 380 2
240 56 0
745 125 2
16 780 0
226 672 1
482 605 1
705 387 2
765 264 3
232 708 2
778 238 3
169 744 1
649 118 2
143 661 2
586 426 0
500 568 3
596 566 1
552 0 1
386 268 3
624 128 2
225 67 2
762 770 3
490 111 2
367 154 1
565 342 1
415 379 0
69 686 1
640 121 1
426 220 2
293 384 3
736 429 1
405 765 1
694 592 3
617 513 1
177 760 1
591 162 2
72 734 2
393 345 3
521 61 3
366 485 2
307 468 2
232 199 3
698 392 2
629 516 2
583 799 1
70 71 0
277 6 2
3 252 3
678 360 1
764 785 1
337 41 1
296 633 0
673 335 0
381 761 0
323 499 1
642 606 3
440 369 0
467 83 2
406 138 0
766 558 3
229 98 2
775 196 0
419 546 3
69 719 1
545 54 2
194 591 1
100 432 0
638 358 1
613 484 3
685 26 0
81 170 0
277 599 1
137 351 1
433 171 1
131 644 3
400 328 2
199 157 1
731 549 3
775 99 1
326 201 3
189 735 3
745 570 1
392 752 1
540 655 2
556 365 0
658 358 0
511 267 0
790 699 2
590 612 0
275 84 3
106 268 2
436 566 0
438 665 3
246 459 3
456 710 2
650 670 1
748 274 3
629 736 0
258 734 1
655 615 2
539 82 0
775 137 0
224 664 3
125 229 0
394 544 3
71 90 3
779 795 3
45 174 0
420 32 2
557 553 3
589 425 0
439 727 2
48 54 0
530 618 0
590 682 3
501 693 1
793 233 0
335 626 0
216 161 3
320 445 1
582 382 3
670 215 3
563 371 3
17 612 3
321 152 0
630 429 3
553 551 1
64 383 0
788 477 2
658 202 1
258 575 2
423 195 1
287 241 2
609 420 3
531 74 0
671 375 2
394 622 2
215 52 2
333 388 0
345 323 3
87 343 0
589 468 2
280 279 1
460 247 3
182 344 0
36 353 0
423 625 2
439 46 3
24 478 3
381 377 0
170 94 1
315 672 2
21 467 1
729 259 1
186 619 0
266 32 2
3 361 1
550 432 1
770 313 1
120 210 2
221 396 2
799 10 0
235 471 2
782 61 3
666 83 2
172 695 2
652 284 0
175 690 3
567 582 3
793 50 0
74 484 3
460 105 0
624 350 0
601 359 3
67 100 0
740 448 3
49 491 2
36 619 3
125 719 1
231 324 1
701 683 0
364 363 2
570 451 0
711 67 0
179 155 1
32 627 3
666 637 0
404 648 1
533 375 2
147 562 0
254 58 0
288 66 0
580 29 1
789 243 1
584 120 0
252 382 2
672 393 3
183 387 1
696 594 1
120 103 0
332 153 1
457 465 0
367 166 0
679 544 1
433 3 0
227 410 2
793 387 1
165 599 2
81 358 2
38 778 1
172 21 0
467 460 3
434 441 0
462 411 1
605 481 0
298 471 2
284 735 3
755 323 0
339 10 0
548 10 3
248 189 3
495 23 1
600 407 0
377 412 0
496 762 3
251 332 2
245 428 2
578 545 1
512 601 3
692 753 2
167 749 3
342 748 3
447 673 1
137 169 2
453 768 2
756 181 2
329 731 3
752 289 2
654 772 0
171 547 3
174 19 1
199 788 1
435 292 0
667 403 3
254 567 2
529 193 2
612 431 2
647 99 2
236 212 1
303 291 1
627 561 0
46 783 2
232 502 0
224 281 3
432 343 1
82 789 3
35 779 0
199 350 1
493 271 2
404 177 3
750 128 2
68 785 0
251 484 3
789 481 3
250 546 3
633 621 2
746 550 1
246 258 3
345 702 0
454 753 2
619 735 1
535 592 1
125 746 0
682 415 2
1 773 0
393 790 2
23 257 1
722 485 2
468 574 0
435 638 1
672 192 3
719 281 3
345 784 1
479 399 2
193 585 0
288 699 0
569 531 2
370 337 1
598 451 3
253 305 3
462 55 3
418 472 2
138 721 3
243 365 3
299 392 0
31 66 2
756 218 0
310 761 0
122 749 2
548 478 2
775 544 3
621 740 2
281 148 3
107 351 1
677 209 0
140 423 2
369 706 3
48 730 2
216 84 3
591 622 3
364 568 3
23 109 1
485 477 0
28 235 1
209 543 1
790 91 2
404 176 3
693 209 1
262 328 3
442 40 2
242 420 2
764 286 3
666 674 0
549 627 0
81 646 1
114 750 1
543 312 3
439 568 3
609 387 1
312 639 0
679 407 2
443 518 1
223 272 1
86 320 2
39 206 0
252 237 3
516 290 2
21 375 0
565 747 0
731 429 1
562 489 2
542 482 0
769 672 3
736 555 1
354 729 3
569 37 0
4 673 1
595 525 2
429 360 1
79 709 0
374 482 3
543 246 0
684 361 2
266 489 0
433 794 2
204 333 0
217 564 2
466 596 0
110 796 3
66 789 3
748 251 3
625 428 2
709 30 3
139 53 3
254 277 1
656 373 2
336 629 3
785 241 0
360 247 2
406 789 3
360 662 0
443 463 3
740 692 2
719 49 0
645 86 3
564 498 2
138 323 3
193 717 3
514 490 1
739 544 0
274 633 1
183 335 1
437 134 3
722 63 0
568 682 2
90 27 3
506 705 2
170 755 3
530 75 3
594 88 1
648 558 3
564 513 0
570 178 0
616 649 1
537 259 3
505 526 2
714 755 2
582 435 0
646 438 3
514 799 1
474 324 3
149 476 2
647 26 0
792 761 3
739 696 3
668 713 2
406 709 3
484 546 3
606 391 0
583 350 3
12 267 1
303 573 0
549 515 3
188 97 3
674 163 3
770 721 2
336 675 0
199 119 3
112 609 3
230 514 3
632 188 1
270 740 3
528 185 0
324 597 3
694 162 2
700 302 1
794 226 0
548 79 3
3 42 0
90 698 2
553 751 0
49 85 0
89 458 1
240 460 3
244 22 1
754 333 3
591 534 2
679 202 0
469 588 1
402 410 2
160 99 3
393 665 0
798 523 3
88 397 3
150 278 1
230 206 1
765 521 0
440 313 2
488 163 0
621 464 2
322 516 2
25 724 2
520 659 2
100 766 2
752 50 2
286 202 1
301 349 2
265 281 2
108 89 0
521 506 3
171 490 2
473 353 2
796 213 3
4 585 0
104 37 0
333 172 0
170 457 1
297 140 1
143 276 0
448 13 3
93 732 2
399 216 2
649 252 1
9 250 1
735 562 3
17 611 1
606 545 2
193 264 0
633 336 1
359 353 2
343 329 2
195 428 3
20 315 2
458 584 3
638 537 2
582 315 1
25 152 2
212 204 1
444 149 1
132 9 1
561 333 2
732 483 3
280 35 2
789 429 1
197 189 0
221 705 1
734 199 3
564 58 3
446 143 3
655 251 2
52 295 1
760 167 2
133 391 2
587 679 3
709 72 0
570 423 1
450 10 2
43 761 2
698 783 3
268 703 1
249 250 2
44 155 0
85 701 3
606 787 1
364 33 0
225 524 0
38 431 1
424 784 0
352 19 3
119 174 2
745 316 3
362 85 1
102 541 1
333 252 1
624 559 1
645 350 3
497 13 2
262 790 2
618 22 2
218 391 2
303 79 3
545 503 0
425 734 1
148 624 2
0 444 2
95 308 1
792 721 3
271 222 3
452 451 1
156 580 1
323 300 3
753 612 0
557 489 3
176 61 3
460 700 0
620 145 0
541 362 1
270 682 0
564 541 0
465 433 3
54 228 0
710 568 1
125 206 3
48 690 0
599 243 0
137 758 3
614 747 1
187 480 0
34 276 2
584 47 3
755 432 1
227 296 0
599 453 1
404 529 1
450 732 3
696 439 2
441 3 0
670 649 0
278 587 1
139 698 2
615 202 1
663 611 3
783 730 2
782 31 2
612 56 0
113 526 0
15 293 1
18 338 2
783 745 3
283 21 0
149 523 1
647 513 0
9 634 2
39 357 0
485 392 1
735 183 3
661 490 0
679 173 1
445 409 1
139 99 3
595 19 3
555 760 0
0 603 2
475 369 2
643 757 3
675 149 2
398 267 1
480 79 3
519 138 3
770 14 3
232 165 0
237 264 3
544 50 1
344 627 2
496 424 2
240 331 2
335 103 1
214 432 2
518 432 2
61 132 1
245 521 1
333 721 2
588 794 3
35 577 1
50 242 2
590 324 1
354 771 0
10 672 2
177 97 1
267 341 0
265 121 3
514 283 0
149 362 3
592 335 2
720 128 0
234 433 1
522 782 1
730 264 2
486 108 3
765 26 3
378 19 1
515 276 1
498 387 3
339 552 2
781 542 0
100 234 0
190 523 0
485 434 0
44 308 3
118 349 0
499 648 3
332 140 2
97 633 2
145 740 2
282 447 2
130 396 3
405 51 3
367 370 3
156 373 1
286 166 3
272 614 3
137 61 0
386 527 1
123 528 1
699 281 2
471 378 2
53 434 3
113 222 2
288 622 3
5 394 0
698 197 0
391 173 1
406 638 2
262 744 3
493 123 0
218 569 2
761 15 1
694 37 2
549 500 2
161 503 3
148 6 1
439 255 3
410 677 3
422 302 0
449 23 3
114 571 0
581 356 1
145 97 3
248 792 0
495 94 1
351 581 1
75 245 1
500 799 1
409 141 3
98 574 3
62 145 3
524 767 0
727 494 0
742 323 1
211 568 1
633 174 0
468 68 0
644 521 3
722 751 2
630 225 3
120 598 0
405 582 2
612 604 1
538 205 2
171 680 1
626 686 1
51 324 0
159 551 3
407 287 0
405 727 2
583 203 3
541 35 1
678 480 3
629 53 0
330 248 1
270 216 2
415 784 2
141 285 0
548 685 1
171 505 0
172 309 3
470 325 2
127 146 0
397 189 2
151 18 1
519 673 0
483 10 1
396 439 2
359 718 3
603 166 2
793 282 0
738 157 2
678 461 1
73 298 2
619 745 1
616 356 1
125 532 1
716 162 0
738 730 2
599 769 1
213 456 3
348 193 2
6 466 3
71 264 0
247 14 0
307 222 0
320 599 3
786 592 1
524 588 1
488 14 0
346 558 1
368 397 3
221 37 3
470 549 3
252 412 3
476 691 1
499 416 0
277 472 0
496 709 2
588 344 2
727 449 0
574 701 3
766 527 2
380 18 1
113 141 0
331 40 3
432 382 2
644 52 1
268 233 2
19 526 1
782 312 1
252 212 1
496 602 2
305 677 3
481 450 0
253 327 0
118 577 1
152 313 0
186 474 1
109 697 0
642 348 0
420 617 0
581 638 1
350 547 3
305 381 2
401 516 3
645 567 3
200 174 3
725 80 0
449 486 1
585 15 3
430 182 1
670 162 0
661 12 0
100 758 3
48 122 2
158 128 2
238 660 1
293 695 1
432 725 3
421 248 0
620 91 0
319 737 0
462 134 1
294 502 2
242 669 3
130 703 2
11 297 2
15 263 1
799 151 2
382 254 0
712 122 2
518 251 3
252 11 1
1 415 0
629 321 3
127 688 2
682 631 3
169 447 2
560 752 1
320 380 2
539 138 3
205 140 1
682 304 0
630 411 2
587 51 2
22 347 0
514 5 2
410 515 0
585 734 3
676 363 2
522 507 2
427 625 0
775 730 1
696 216 1
51 607 3
747 452 0
535 594 2
436 447 3
78 158 2
699 22 1
8 52 3
376 124 0
746 358 3
27 231 3
237 300 1